--Converted with ttyyuu12345's model to script plugin v4
function sandbox(var,func)
	local env = getfenv(func)
	local newenv = setmetatable({},{
		__index = function(self,k)
			if k=="script" then
				return var
			else
				return env[k]
			end
		end,
	})
	setfenv(func,newenv)
	return func
end
cors = {}
mas = Instance.new("Model",game:GetService("Lighting"))
Model0 = Instance.new("Model")
Part1 = Instance.new("Part")
SpecialMesh2 = Instance.new("SpecialMesh")
Part3 = Instance.new("Part")
SpecialMesh4 = Instance.new("SpecialMesh")
Part5 = Instance.new("Part")
SpecialMesh6 = Instance.new("SpecialMesh")
Model7 = Instance.new("Model")
Part8 = Instance.new("Part")
SpecialMesh9 = Instance.new("SpecialMesh")
Part10 = Instance.new("Part")
SpecialMesh11 = Instance.new("SpecialMesh")
Part12 = Instance.new("Part")
SpecialMesh13 = Instance.new("SpecialMesh")
Model14 = Instance.new("Model")
Part15 = Instance.new("Part")
SpecialMesh16 = Instance.new("SpecialMesh")
Part17 = Instance.new("Part")
SpecialMesh18 = Instance.new("SpecialMesh")
Part19 = Instance.new("Part")
SpecialMesh20 = Instance.new("SpecialMesh")
Model21 = Instance.new("Model")
Part22 = Instance.new("Part")
SpecialMesh23 = Instance.new("SpecialMesh")
Part24 = Instance.new("Part")
SpecialMesh25 = Instance.new("SpecialMesh")
Part26 = Instance.new("Part")
SpecialMesh27 = Instance.new("SpecialMesh")
Model0.Name = "1"
Model0.Parent = mas
Part1.Name = "Darkseed"
Part1.Parent = Model0
Part1.CFrame = CFrame.new(1798.46313, 207.520004, -737.569092, -0.70710665, 0, -0.707107008, 0, 1, 0, 0.707107008, 0, -0.70710665)
Part1.Orientation = Vector3.new(0, -135, 0)
Part1.Position = Vector3.new(1798.4631347656, 207.52000427246, -737.56909179688)
Part1.Rotation = Vector3.new(-180, -45, -180)
Part1.Size = Vector3.new(2, 2, 2)
Part1.Anchored = true
Part1.BottomSurface = Enum.SurfaceType.Smooth
Part1.TopSurface = Enum.SurfaceType.Smooth
SpecialMesh2.Parent = Part1
SpecialMesh2.MeshId = "http://www.roblox.com/asset/?id=1158007"
SpecialMesh2.Scale = Vector3.new(0.5, 0.5, 0.5)
SpecialMesh2.TextureId = "http://www.roblox.com/asset/?id=5162958"
SpecialMesh2.MeshType = Enum.MeshType.FileMesh
Part3.Name = "Smooth Block Model"
Part3.Parent = Model0
Part3.CFrame = CFrame.new(1796.7312, 207.520004, -736.569092, -0.965925872, 0, -0.258819252, 0, 1, 0, 0.258819252, 0, -0.965925872)
Part3.Orientation = Vector3.new(0, -165, 0)
Part3.Position = Vector3.new(1796.7312011719, 207.52000427246, -736.56909179688)
Part3.Rotation = Vector3.new(-180, -15, -180)
Part3.Color = Color3.new(0.94902, 0.952941, 0.952941)
Part3.Size = Vector3.new(2, 2, 2)
Part3.Anchored = true
Part3.BrickColor = BrickColor.new("White")
Part3.brickColor = BrickColor.new("White")
Part3.Shape = Enum.PartType.Ball
SpecialMesh4.Parent = Part3
SpecialMesh4.MeshId = "http://www.roblox.com/asset/?id=1158007"
SpecialMesh4.Scale = Vector3.new(0.5, 0.5, 0.5)
SpecialMesh4.TextureId = "http://www.roblox.com/asset/?id=1158033"
SpecialMesh4.MeshType = Enum.MeshType.FileMesh
Part5.Name = "Smooth Block Model"
Part5.Parent = Model0
Part5.CFrame = CFrame.new(1797.59717, 209.520004, -737.069092, -0.866025329, 0, -0.500000238, 0, 1, 0, 0.500000238, 0, -0.866025329)
Part5.Orientation = Vector3.new(0, -150, 0)
Part5.Position = Vector3.new(1797.5971679688, 209.52000427246, -737.06909179688)
Part5.Rotation = Vector3.new(-180, -30, -180)
Part5.Color = Color3.new(0.94902, 0.952941, 0.952941)
Part5.Size = Vector3.new(2, 2, 2)
Part5.Anchored = true
Part5.BrickColor = BrickColor.new("White")
Part5.brickColor = BrickColor.new("White")
Part5.Shape = Enum.PartType.Ball
SpecialMesh6.Parent = Part5
SpecialMesh6.MeshId = "http://www.roblox.com/asset/?id=1158007"
SpecialMesh6.Scale = Vector3.new(0.5, 0.5, 0.5)
SpecialMesh6.VertexColor = Vector3.new(0, 10, 0)
SpecialMesh6.TextureId = "http://www.roblox.com/asset/?id=1158033"
SpecialMesh6.MeshType = Enum.MeshType.FileMesh
Model7.Name = "1"
Model7.Parent = mas
Part8.Name = "Darkseed"
Part8.Parent = Model7
Part8.CFrame = CFrame.new(1768.94629, 207.520004, -736.907959, -0.965925872, 0, 0.258818895, 0, 1, 0, -0.258818895, 0, -0.965925872)
Part8.Orientation = Vector3.new(0, 165, 0)
Part8.Position = Vector3.new(1768.9462890625, 207.52000427246, -736.90795898438)
Part8.Rotation = Vector3.new(-180, 15, -180)
Part8.Size = Vector3.new(2, 2, 2)
Part8.Anchored = true
Part8.BottomSurface = Enum.SurfaceType.Smooth
Part8.TopSurface = Enum.SurfaceType.Smooth
SpecialMesh9.Parent = Part8
SpecialMesh9.MeshId = "http://www.roblox.com/asset/?id=1158007"
SpecialMesh9.Scale = Vector3.new(0.5, 0.5, 0.5)
SpecialMesh9.TextureId = "http://www.roblox.com/asset/?id=5162958"
SpecialMesh9.MeshType = Enum.MeshType.FileMesh
Part10.Name = "Smooth Block Model"
Part10.Parent = Model7
Part10.CFrame = CFrame.new(1767.21423, 207.520004, -737.907959, -0.707106888, 0, 0.707106709, 0, 1, 0, -0.707106709, 0, -0.707106888)
Part10.Orientation = Vector3.new(0, 135, 0)
Part10.Position = Vector3.new(1767.2142333984, 207.52000427246, -737.90795898438)
Part10.Rotation = Vector3.new(-180, 45, -180)
Part10.Color = Color3.new(0.94902, 0.952941, 0.952941)
Part10.Size = Vector3.new(2, 2, 2)
Part10.Anchored = true
Part10.BrickColor = BrickColor.new("White")
Part10.brickColor = BrickColor.new("White")
Part10.Shape = Enum.PartType.Ball
SpecialMesh11.Parent = Part10
SpecialMesh11.MeshId = "http://www.roblox.com/asset/?id=1158007"
SpecialMesh11.Scale = Vector3.new(0.5, 0.5, 0.5)
SpecialMesh11.TextureId = "http://www.roblox.com/asset/?id=1158033"
SpecialMesh11.MeshType = Enum.MeshType.FileMesh
Part12.Name = "Smooth Block Model"
Part12.Parent = Model7
Part12.CFrame = CFrame.new(1768.0802, 209.520004, -737.407959, -0.866025448, 0, 0.499999881, 0, 1, 0, -0.499999881, 0, -0.866025448)
Part12.Orientation = Vector3.new(0, 150, 0)
Part12.Position = Vector3.new(1768.0802001953, 209.52000427246, -737.40795898438)
Part12.Rotation = Vector3.new(-180, 30, -180)
Part12.Color = Color3.new(0.94902, 0.952941, 0.952941)
Part12.Size = Vector3.new(2, 2, 2)
Part12.Anchored = true
Part12.BrickColor = BrickColor.new("White")
Part12.brickColor = BrickColor.new("White")
Part12.Shape = Enum.PartType.Ball
SpecialMesh13.Parent = Part12
SpecialMesh13.MeshId = "http://www.roblox.com/asset/?id=1158007"
SpecialMesh13.Scale = Vector3.new(0.5, 0.5, 0.5)
SpecialMesh13.VertexColor = Vector3.new(0, 10, 0)
SpecialMesh13.TextureId = "http://www.roblox.com/asset/?id=1158033"
SpecialMesh13.MeshType = Enum.MeshType.FileMesh
Model14.Name = "1"
Model14.Parent = mas
Part15.Name = "Darkseed"
Part15.Parent = Model14
Part15.CFrame = CFrame.new(1796.69873, 207.520004, -444.090607, 0.906308115, 0, -0.422618091, 0, 1, 0, 0.422618091, 0, 0.906308115)
Part15.Orientation = Vector3.new(0, -25, 0)
Part15.Position = Vector3.new(1796.6987304688, 207.52000427246, -444.09060668945)
Part15.Rotation = Vector3.new(0, -25, 0)
Part15.Size = Vector3.new(2, 2, 2)
Part15.Anchored = true
Part15.BottomSurface = Enum.SurfaceType.Smooth
Part15.TopSurface = Enum.SurfaceType.Smooth
SpecialMesh16.Parent = Part15
SpecialMesh16.MeshId = "http://www.roblox.com/asset/?id=1158007"
SpecialMesh16.Scale = Vector3.new(0.5, 0.5, 0.5)
SpecialMesh16.TextureId = "http://www.roblox.com/asset/?id=5162958"
SpecialMesh16.MeshType = Enum.MeshType.FileMesh
Part17.Name = "Smooth Block Model"
Part17.Parent = Model14
Part17.CFrame = CFrame.new(1798.23071, 207.520004, -442.805206, 0.573576748, 0, -0.819152117, 0, 1, 0, 0.819152117, 0, 0.573576748)
Part17.Orientation = Vector3.new(0, -55, 0)
Part17.Position = Vector3.new(1798.2307128906, 207.52000427246, -442.80520629883)
Part17.Rotation = Vector3.new(0, -55, 0)
Part17.Color = Color3.new(0.94902, 0.952941, 0.952941)
Part17.Size = Vector3.new(2, 2, 2)
Part17.Anchored = true
Part17.BrickColor = BrickColor.new("White")
Part17.brickColor = BrickColor.new("White")
Part17.Shape = Enum.PartType.Ball
SpecialMesh18.Parent = Part17
SpecialMesh18.MeshId = "http://www.roblox.com/asset/?id=1158007"
SpecialMesh18.Scale = Vector3.new(0.5, 0.5, 0.5)
SpecialMesh18.TextureId = "http://www.roblox.com/asset/?id=1158033"
SpecialMesh18.MeshType = Enum.MeshType.FileMesh
Part19.Name = "Smooth Block Model"
Part19.Parent = Model14
Part19.CFrame = CFrame.new(1797.46484, 209.520004, -443.447906, 0.766044736, 0, -0.642787516, 0, 1, 0, 0.642787516, 0, 0.766044736)
Part19.Orientation = Vector3.new(0, -40, 0)
Part19.Position = Vector3.new(1797.46484375, 209.52000427246, -443.44790649414)
Part19.Rotation = Vector3.new(0, -40, 0)
Part19.Color = Color3.new(0.94902, 0.952941, 0.952941)
Part19.Size = Vector3.new(2, 2, 2)
Part19.Anchored = true
Part19.BrickColor = BrickColor.new("White")
Part19.brickColor = BrickColor.new("White")
Part19.Shape = Enum.PartType.Ball
SpecialMesh20.Parent = Part19
SpecialMesh20.MeshId = "http://www.roblox.com/asset/?id=1158007"
SpecialMesh20.Scale = Vector3.new(0.5, 0.5, 0.5)
SpecialMesh20.VertexColor = Vector3.new(0, 10, 0)
SpecialMesh20.TextureId = "http://www.roblox.com/asset/?id=1158033"
SpecialMesh20.MeshType = Enum.MeshType.FileMesh
Model21.Name = "1"
Model21.Parent = mas
Part22.Name = "Darkseed"
Part22.Parent = Model21
Part22.CFrame = CFrame.new(1767.66772, 207.520004, -442.85083, 0.642787874, 0, 0.766045153, 0, 1, 0, -0.766045153, 0, 0.642787874)
Part22.Orientation = Vector3.new(0, 50, 0)
Part22.Position = Vector3.new(1767.6677246094, 207.52000427246, -442.85083007813)
Part22.Rotation = Vector3.new(0, 50, 0)
Part22.Size = Vector3.new(2, 2, 2)
Part22.Anchored = true
Part22.BottomSurface = Enum.SurfaceType.Smooth
Part22.TopSurface = Enum.SurfaceType.Smooth
SpecialMesh23.Parent = Part22
SpecialMesh23.MeshId = "http://www.roblox.com/asset/?id=1158007"
SpecialMesh23.Scale = Vector3.new(0.5, 0.5, 0.5)
SpecialMesh23.TextureId = "http://www.roblox.com/asset/?id=5162958"
SpecialMesh23.MeshType = Enum.MeshType.FileMesh
Part24.Name = "Smooth Block Model"
Part24.Parent = Model21
Part24.CFrame = CFrame.new(1769.30591, 207.520004, -443.998047, 0.939693213, 0, 0.342020571, 0, 1, 0, -0.342020571, 0, 0.939693213)
Part24.Orientation = Vector3.new(0, 20, 0)
Part24.Position = Vector3.new(1769.3059082031, 207.52000427246, -443.998046875)
Part24.Rotation = Vector3.new(0, 20, 0)
Part24.Color = Color3.new(0.94902, 0.952941, 0.952941)
Part24.Size = Vector3.new(2, 2, 2)
Part24.Anchored = true
Part24.BrickColor = BrickColor.new("White")
Part24.brickColor = BrickColor.new("White")
Part24.Shape = Enum.PartType.Ball
SpecialMesh25.Parent = Part24
SpecialMesh25.MeshId = "http://www.roblox.com/asset/?id=1158007"
SpecialMesh25.Scale = Vector3.new(0.5, 0.5, 0.5)
SpecialMesh25.TextureId = "http://www.roblox.com/asset/?id=1158033"
SpecialMesh25.MeshType = Enum.MeshType.FileMesh
Part26.Name = "Smooth Block Model"
Part26.Parent = Model21
Part26.CFrame = CFrame.new(1768.48682, 209.520004, -443.424438, 0.819152474, 0, 0.573576987, 0, 1, 0, -0.573576987, 0, 0.819152474)
Part26.Orientation = Vector3.new(0, 35, 0)
Part26.Position = Vector3.new(1768.4868164063, 209.52000427246, -443.42443847656)
Part26.Rotation = Vector3.new(0, 35, 0)
Part26.Color = Color3.new(0.94902, 0.952941, 0.952941)
Part26.Size = Vector3.new(2, 2, 2)
Part26.Anchored = true
Part26.BrickColor = BrickColor.new("White")
Part26.brickColor = BrickColor.new("White")
Part26.Shape = Enum.PartType.Ball
SpecialMesh27.Parent = Part26
SpecialMesh27.MeshId = "http://www.roblox.com/asset/?id=1158007"
SpecialMesh27.Scale = Vector3.new(0.5, 0.5, 0.5)
SpecialMesh27.VertexColor = Vector3.new(0, 10, 0)
SpecialMesh27.TextureId = "http://www.roblox.com/asset/?id=1158033"
SpecialMesh27.MeshType = Enum.MeshType.FileMesh
for i,v in pairs(mas:GetChildren()) do
	v.Parent = workspace
	pcall(function() v:MakeJoints() end)
end
mas:Destroy()
for i,v in pairs(cors) do
	spawn(function()
		pcall(v)
	end)
end
wait(0)
--line breaker--
function sandbox(var,func)
	local env = getfenv(func)
	local newenv = setmetatable({},{
		__index = function(self,k)
			if k=="script" then
				return var
			else
				return env[k]
			end
		end,
	})
	setfenv(func,newenv)
	return func
end
cors = {}
mas = Instance.new("Model",game:GetService("Lighting"))
Model0 = Instance.new("Model")
Part1 = Instance.new("Part")
SpecialMesh2 = Instance.new("SpecialMesh")
Snap3 = Instance.new("Snap")
Snap4 = Instance.new("Snap")
Snap5 = Instance.new("Snap")
Model6 = Instance.new("Model")
Part7 = Instance.new("Part")
Part8 = Instance.new("Part")
Part9 = Instance.new("Part")
Part10 = Instance.new("Part")
Part11 = Instance.new("Part")
Part12 = Instance.new("Part")
Part13 = Instance.new("Part")
Part14 = Instance.new("Part")
Part15 = Instance.new("Part")
Part16 = Instance.new("Part")
Part17 = Instance.new("Part")
Part18 = Instance.new("Part")
Part19 = Instance.new("Part")
Part20 = Instance.new("Part")
Part21 = Instance.new("Part")
Part22 = Instance.new("Part")
Part23 = Instance.new("Part")
Part24 = Instance.new("Part")
Part25 = Instance.new("Part")
Part26 = Instance.new("Part")
Part27 = Instance.new("Part")
Part28 = Instance.new("Part")
Part29 = Instance.new("Part")
Part30 = Instance.new("Part")
Part31 = Instance.new("Part")
Part32 = Instance.new("Part")
Part33 = Instance.new("Part")
Part34 = Instance.new("Part")
Part35 = Instance.new("Part")
Part36 = Instance.new("Part")
Model37 = Instance.new("Model")
Part38 = Instance.new("Part")
SpecialMesh39 = Instance.new("SpecialMesh")
Snap40 = Instance.new("Snap")
Snap41 = Instance.new("Snap")
Snap42 = Instance.new("Snap")
Model43 = Instance.new("Model")
Part44 = Instance.new("Part")
Part45 = Instance.new("Part")
Part46 = Instance.new("Part")
Part47 = Instance.new("Part")
Part48 = Instance.new("Part")
Part49 = Instance.new("Part")
Part50 = Instance.new("Part")
Part51 = Instance.new("Part")
Part52 = Instance.new("Part")
Part53 = Instance.new("Part")
Part54 = Instance.new("Part")
Part55 = Instance.new("Part")
Part56 = Instance.new("Part")
Part57 = Instance.new("Part")
Part58 = Instance.new("Part")
Part59 = Instance.new("Part")
Part60 = Instance.new("Part")
Part61 = Instance.new("Part")
Part62 = Instance.new("Part")
Part63 = Instance.new("Part")
Part64 = Instance.new("Part")
Part65 = Instance.new("Part")
Part66 = Instance.new("Part")
Part67 = Instance.new("Part")
Part68 = Instance.new("Part")
Part69 = Instance.new("Part")
Part70 = Instance.new("Part")
Part71 = Instance.new("Part")
Part72 = Instance.new("Part")
Part73 = Instance.new("Part")
Model74 = Instance.new("Model")
Part75 = Instance.new("Part")
SpecialMesh76 = Instance.new("SpecialMesh")
Snap77 = Instance.new("Snap")
Snap78 = Instance.new("Snap")
Snap79 = Instance.new("Snap")
Model80 = Instance.new("Model")
Part81 = Instance.new("Part")
Part82 = Instance.new("Part")
Part83 = Instance.new("Part")
Part84 = Instance.new("Part")
Part85 = Instance.new("Part")
Part86 = Instance.new("Part")
Part87 = Instance.new("Part")
Part88 = Instance.new("Part")
Part89 = Instance.new("Part")
Part90 = Instance.new("Part")
Part91 = Instance.new("Part")
Part92 = Instance.new("Part")
Part93 = Instance.new("Part")
Part94 = Instance.new("Part")
Part95 = Instance.new("Part")
Part96 = Instance.new("Part")
Part97 = Instance.new("Part")
Part98 = Instance.new("Part")
Part99 = Instance.new("Part")
Part100 = Instance.new("Part")
Part101 = Instance.new("Part")
Part102 = Instance.new("Part")
Part103 = Instance.new("Part")
Part104 = Instance.new("Part")
Part105 = Instance.new("Part")
Part106 = Instance.new("Part")
Part107 = Instance.new("Part")
Part108 = Instance.new("Part")
Part109 = Instance.new("Part")
Part110 = Instance.new("Part")
Model111 = Instance.new("Model")
Part112 = Instance.new("Part")
SpecialMesh113 = Instance.new("SpecialMesh")
Snap114 = Instance.new("Snap")
Snap115 = Instance.new("Snap")
Snap116 = Instance.new("Snap")
Model117 = Instance.new("Model")
Part118 = Instance.new("Part")
Part119 = Instance.new("Part")
Part120 = Instance.new("Part")
Part121 = Instance.new("Part")
Part122 = Instance.new("Part")
Part123 = Instance.new("Part")
Part124 = Instance.new("Part")
Part125 = Instance.new("Part")
Part126 = Instance.new("Part")
Part127 = Instance.new("Part")
Part128 = Instance.new("Part")
Part129 = Instance.new("Part")
Part130 = Instance.new("Part")
Part131 = Instance.new("Part")
Part132 = Instance.new("Part")
Part133 = Instance.new("Part")
Part134 = Instance.new("Part")
Part135 = Instance.new("Part")
Part136 = Instance.new("Part")
Part137 = Instance.new("Part")
Part138 = Instance.new("Part")
Part139 = Instance.new("Part")
Part140 = Instance.new("Part")
Part141 = Instance.new("Part")
Part142 = Instance.new("Part")
Part143 = Instance.new("Part")
Part144 = Instance.new("Part")
Part145 = Instance.new("Part")
Part146 = Instance.new("Part")
Part147 = Instance.new("Part")
Model148 = Instance.new("Model")
Part149 = Instance.new("Part")
SpecialMesh150 = Instance.new("SpecialMesh")
Snap151 = Instance.new("Snap")
Snap152 = Instance.new("Snap")
Snap153 = Instance.new("Snap")
Model154 = Instance.new("Model")
Part155 = Instance.new("Part")
Part156 = Instance.new("Part")
Part157 = Instance.new("Part")
Part158 = Instance.new("Part")
Part159 = Instance.new("Part")
Part160 = Instance.new("Part")
Part161 = Instance.new("Part")
Part162 = Instance.new("Part")
Part163 = Instance.new("Part")
Part164 = Instance.new("Part")
Part165 = Instance.new("Part")
Part166 = Instance.new("Part")
Part167 = Instance.new("Part")
Part168 = Instance.new("Part")
Part169 = Instance.new("Part")
Part170 = Instance.new("Part")
Part171 = Instance.new("Part")
Part172 = Instance.new("Part")
Part173 = Instance.new("Part")
Part174 = Instance.new("Part")
Part175 = Instance.new("Part")
Part176 = Instance.new("Part")
Part177 = Instance.new("Part")
Part178 = Instance.new("Part")
Part179 = Instance.new("Part")
Part180 = Instance.new("Part")
Part181 = Instance.new("Part")
Part182 = Instance.new("Part")
Part183 = Instance.new("Part")
Part184 = Instance.new("Part")
Model185 = Instance.new("Model")
Part186 = Instance.new("Part")
SpecialMesh187 = Instance.new("SpecialMesh")
Snap188 = Instance.new("Snap")
Snap189 = Instance.new("Snap")
Snap190 = Instance.new("Snap")
Model191 = Instance.new("Model")
Part192 = Instance.new("Part")
Part193 = Instance.new("Part")
Part194 = Instance.new("Part")
Part195 = Instance.new("Part")
Part196 = Instance.new("Part")
Part197 = Instance.new("Part")
Part198 = Instance.new("Part")
Part199 = Instance.new("Part")
Part200 = Instance.new("Part")
Part201 = Instance.new("Part")
Part202 = Instance.new("Part")
Part203 = Instance.new("Part")
Part204 = Instance.new("Part")
Part205 = Instance.new("Part")
Part206 = Instance.new("Part")
Part207 = Instance.new("Part")
Part208 = Instance.new("Part")
Part209 = Instance.new("Part")
Part210 = Instance.new("Part")
Part211 = Instance.new("Part")
Part212 = Instance.new("Part")
Part213 = Instance.new("Part")
Part214 = Instance.new("Part")
Part215 = Instance.new("Part")
Part216 = Instance.new("Part")
Part217 = Instance.new("Part")
Part218 = Instance.new("Part")
Part219 = Instance.new("Part")
Part220 = Instance.new("Part")
Part221 = Instance.new("Part")
Model222 = Instance.new("Model")
Part223 = Instance.new("Part")
SpecialMesh224 = Instance.new("SpecialMesh")
Snap225 = Instance.new("Snap")
Snap226 = Instance.new("Snap")
Snap227 = Instance.new("Snap")
Model228 = Instance.new("Model")
Part229 = Instance.new("Part")
Part230 = Instance.new("Part")
Part231 = Instance.new("Part")
Part232 = Instance.new("Part")
Part233 = Instance.new("Part")
Part234 = Instance.new("Part")
Part235 = Instance.new("Part")
Part236 = Instance.new("Part")
Part237 = Instance.new("Part")
Part238 = Instance.new("Part")
Part239 = Instance.new("Part")
Part240 = Instance.new("Part")
Part241 = Instance.new("Part")
Part242 = Instance.new("Part")
Part243 = Instance.new("Part")
Part244 = Instance.new("Part")
Part245 = Instance.new("Part")
Part246 = Instance.new("Part")
Part247 = Instance.new("Part")
Part248 = Instance.new("Part")
Part249 = Instance.new("Part")
Part250 = Instance.new("Part")
Part251 = Instance.new("Part")
Part252 = Instance.new("Part")
Part253 = Instance.new("Part")
Part254 = Instance.new("Part")
Part255 = Instance.new("Part")
Part256 = Instance.new("Part")
Part257 = Instance.new("Part")
Part258 = Instance.new("Part")
Model259 = Instance.new("Model")
Part260 = Instance.new("Part")
SpecialMesh261 = Instance.new("SpecialMesh")
Snap262 = Instance.new("Snap")
Snap263 = Instance.new("Snap")
Snap264 = Instance.new("Snap")
Model265 = Instance.new("Model")
Part266 = Instance.new("Part")
Part267 = Instance.new("Part")
Part268 = Instance.new("Part")
Part269 = Instance.new("Part")
Part270 = Instance.new("Part")
Part271 = Instance.new("Part")
Part272 = Instance.new("Part")
Part273 = Instance.new("Part")
Part274 = Instance.new("Part")
Part275 = Instance.new("Part")
Part276 = Instance.new("Part")
Part277 = Instance.new("Part")
Part278 = Instance.new("Part")
Part279 = Instance.new("Part")
Part280 = Instance.new("Part")
Part281 = Instance.new("Part")
Part282 = Instance.new("Part")
Part283 = Instance.new("Part")
Part284 = Instance.new("Part")
Part285 = Instance.new("Part")
Part286 = Instance.new("Part")
Part287 = Instance.new("Part")
Part288 = Instance.new("Part")
Part289 = Instance.new("Part")
Part290 = Instance.new("Part")
Part291 = Instance.new("Part")
Part292 = Instance.new("Part")
Part293 = Instance.new("Part")
Part294 = Instance.new("Part")
Part295 = Instance.new("Part")
Model0.Name = "Tree"
Model0.Parent = mas
Part1.Name = "Tree"
Part1.Parent = Model0
Part1.CFrame = CFrame.new(1657.41724, 206.62001, -714.629883, -0.50000006, 0, -0.866025388, 0, 1, 0, 0.866025388, 0, -0.50000006)
Part1.Orientation = Vector3.new(0, -120, 0)
Part1.Position = Vector3.new(1657.4172363281, 206.62001037598, -714.6298828125)
Part1.Rotation = Vector3.new(-180, -60, -180)
Part1.Color = Color3.new(0.486275, 0.360784, 0.27451)
Part1.Size = Vector3.new(5, 0.20000000298023, 4)
Part1.Anchored = true
Part1.BrickColor = BrickColor.new("Brown")
Part1.Material = Enum.Material.Slate
Part1.brickColor = BrickColor.new("Brown")
Part1.FormFactor = Enum.FormFactor.Custom
Part1.formFactor = Enum.FormFactor.Custom
SpecialMesh2.Name = "Tree Mesh"
SpecialMesh2.Parent = Part1
SpecialMesh2.MeshId = "http://www.roblox.com/asset/?id=9755716"
SpecialMesh2.Scale = Vector3.new(6, 6, 6)
SpecialMesh2.TextureId = "http://www.roblox.com/asset/?id=88894385"
SpecialMesh2.MeshType = Enum.MeshType.FileMesh
Snap3.Parent = Part1
Snap3.C0 = CFrame.new(0, -0.100000001, 0, 1, 0, 0, 0, 0, -1, 0, 1, 0)
Snap3.C1 = CFrame.new(-6.13871717, 10.0000067, -11.8352499, 1, 0, 0, 0, 0, -1, 0, 1, 0)
Snap3.Part0 = Part1
Snap4.Parent = Part1
Snap4.C0 = CFrame.new(0, -0.100000001, 0, 1, 0, 0, 0, 0, -1, 0, 1, 0)
Snap4.C1 = CFrame.new(-6.13871813, 10.0000076, -11.8352461, 1, 0, 0, 0, 0, -1, 0, 1, 0)
Snap4.Part0 = Part1
Snap5.Parent = Part1
Snap5.C0 = CFrame.new(0, -0.100000001, 0, 1, 0, 0, 0, 0, -1, 0, 1, 0)
Snap5.C1 = CFrame.new(-27.1827087, 10.0000086, 0.868906021, 1, 0, 0, 0, 0, -1, 0, 1, 0)
Snap5.Part0 = Part1
Model6.Name = "Tree Parts"
Model6.Parent = Model0
Part7.Parent = Model6
Part7.CFrame = CFrame.new(1657.07092, 210.62001, -714.829956, -0.50000006, 0, -0.866025388, 0, 1, 0, 0.866025388, 0, -0.50000006)
Part7.Orientation = Vector3.new(0, -120, 0)
Part7.Position = Vector3.new(1657.0709228516, 210.62001037598, -714.82995605469)
Part7.Rotation = Vector3.new(-180, -60, -180)
Part7.Transparency = 1
Part7.Size = Vector3.new(4.9999990463257, 7.7999992370605, 5.199999332428)
Part7.Anchored = true
Part7.FormFactor = Enum.FormFactor.Custom
Part7.formFactor = Enum.FormFactor.Custom
Part8.Parent = Model6
Part8.CFrame = CFrame.new(1656.90125, 214.919952, -715.736084, -0.50000006, 0, -0.866025388, 0, 1, 0, 0.866025388, 0, -0.50000006)
Part8.Orientation = Vector3.new(0, -120, 0)
Part8.Position = Vector3.new(1656.9012451172, 214.91995239258, -715.73608398438)
Part8.Rotation = Vector3.new(-180, -60, -180)
Part8.Transparency = 1
Part8.Size = Vector3.new(3.5999999046326, 0.79999983310699, 2)
Part8.Anchored = true
Part8.FormFactor = Enum.FormFactor.Custom
Part8.formFactor = Enum.FormFactor.Custom
Part9.Parent = Model6
Part9.CFrame = CFrame.new(1657.10132, 215.519958, -716.082581, -0.50000006, 0, -0.866025388, 0, 1, 0, 0.866025388, 0, -0.50000006)
Part9.Orientation = Vector3.new(0, -120, 0)
Part9.Position = Vector3.new(1657.1013183594, 215.51995849609, -716.08258056641)
Part9.Rotation = Vector3.new(-180, -60, -180)
Part9.Transparency = 1
Part9.Size = Vector3.new(3.5999999046326, 0.79999983310699, 2)
Part9.Anchored = true
Part9.FormFactor = Enum.FormFactor.Custom
Part9.formFactor = Enum.FormFactor.Custom
Part10.Parent = Model6
Part10.CFrame = CFrame.new(1657.60132, 216.119949, -716.948486, -0.50000006, 0, -0.866025388, 0, 1, 0, 0.866025388, 0, -0.50000006)
Part10.Orientation = Vector3.new(0, -120, 0)
Part10.Position = Vector3.new(1657.6013183594, 216.11994934082, -716.94848632813)
Part10.Rotation = Vector3.new(-180, -60, -180)
Part10.Transparency = 1
Part10.Size = Vector3.new(3.5999999046326, 0.79999983310699, 2)
Part10.Anchored = true
Part10.FormFactor = Enum.FormFactor.Custom
Part10.formFactor = Enum.FormFactor.Custom
Part11.Parent = Model6
Part11.CFrame = CFrame.new(1657.95129, 216.919952, -717.554749, -0.50000006, 0, -0.866025388, 0, 1, 0, 0.866025388, 0, -0.50000006)
Part11.Orientation = Vector3.new(0, -120, 0)
Part11.Position = Vector3.new(1657.9512939453, 216.91995239258, -717.55474853516)
Part11.Rotation = Vector3.new(-180, -60, -180)
Part11.Transparency = 1
Part11.Size = Vector3.new(2.599999666214, 0.79999983310699, 2)
Part11.Anchored = true
Part11.FormFactor = Enum.FormFactor.Custom
Part11.formFactor = Enum.FormFactor.Custom
Part12.Parent = Model6
Part12.CFrame = CFrame.new(1658.3512, 217.519958, -718.247559, -0.50000006, 0, -0.866025388, 0, 1, 0, 0.866025388, 0, -0.50000006)
Part12.Orientation = Vector3.new(0, -120, 0)
Part12.Position = Vector3.new(1658.3511962891, 217.51995849609, -718.24755859375)
Part12.Rotation = Vector3.new(-180, -60, -180)
Part12.Transparency = 1
Part12.Size = Vector3.new(2.599999666214, 0.79999983310699, 2)
Part12.Anchored = true
Part12.FormFactor = Enum.FormFactor.Custom
Part12.formFactor = Enum.FormFactor.Custom
Part13.Parent = Model6
Part13.CFrame = CFrame.new(1659.34412, 218.119949, -718.367126, -0.965925872, 0, -0.258818924, 0, 1, 0, 0.258818924, 0, -0.965925872)
Part13.Orientation = Vector3.new(0, -165, 0)
Part13.Position = Vector3.new(1659.3441162109, 218.11994934082, -718.36712646484)
Part13.Rotation = Vector3.new(-180, -15, -180)
Part13.Transparency = 1
Part13.Size = Vector3.new(2.599999666214, 0.79999983310699, 2)
Part13.Anchored = true
Part13.FormFactor = Enum.FormFactor.Custom
Part13.formFactor = Enum.FormFactor.Custom
Part14.Parent = Model6
Part14.CFrame = CFrame.new(1660.43665, 218.71994, -718.659973, -0.965925694, 0, 0.258819103, 0, 1, 0, -0.258819103, 0, -0.965925694)
Part14.Orientation = Vector3.new(0, 165, 0)
Part14.Position = Vector3.new(1660.4366455078, 218.71994018555, -718.65997314453)
Part14.Rotation = Vector3.new(-180, 15, -180)
Part14.Transparency = 1
Part14.Size = Vector3.new(2.599999666214, 0.79999983310699, 2)
Part14.Anchored = true
Part14.FormFactor = Enum.FormFactor.Custom
Part14.formFactor = Enum.FormFactor.Custom
Part15.Parent = Model6
Part15.CFrame = CFrame.new(1661.22961, 219.319962, -718.433228, -0.965925694, 0, 0.258819103, 0, 1, 0, -0.258819103, 0, -0.965925694)
Part15.Orientation = Vector3.new(0, 165, 0)
Part15.Position = Vector3.new(1661.2296142578, 219.31996154785, -718.43322753906)
Part15.Rotation = Vector3.new(-180, 15, -180)
Part15.Transparency = 1
Part15.Size = Vector3.new(2.599999666214, 0.79999983310699, 2)
Part15.Anchored = true
Part15.FormFactor = Enum.FormFactor.Custom
Part15.formFactor = Enum.FormFactor.Custom
Part16.Parent = Model6
Part16.CFrame = CFrame.new(1661.84937, 219.920013, -718.306396, -0.965925694, 0, 0.258819103, 0, 1, 0, -0.258819103, 0, -0.965925694)
Part16.Orientation = Vector3.new(0, 165, 0)
Part16.Position = Vector3.new(1661.8493652344, 219.92001342773, -718.30639648438)
Part16.Rotation = Vector3.new(-180, 15, -180)
Part16.Transparency = 1
Part16.Size = Vector3.new(2.599999666214, 0.79999983310699, 2)
Part16.Anchored = true
Part16.FormFactor = Enum.FormFactor.Custom
Part16.formFactor = Enum.FormFactor.Custom
Part17.Parent = Model6
Part17.CFrame = CFrame.new(1662.33228, 220.519958, -718.176941, -0.965925694, 0, -0.258818924, 0, 1, 0, 0.258818924, 0, -0.965925694)
Part17.Orientation = Vector3.new(0, -165, 0)
Part17.Position = Vector3.new(1662.3322753906, 220.51995849609, -718.17694091797)
Part17.Rotation = Vector3.new(-180, -15, -180)
Part17.Transparency = 1
Part17.Size = Vector3.new(1.199999332428, 0.79999983310699, 1.1999998092651)
Part17.Anchored = true
Part17.FormFactor = Enum.FormFactor.Custom
Part17.formFactor = Enum.FormFactor.Custom
Part18.Parent = Model6
Part18.CFrame = CFrame.new(1662.77209, 220.519958, -716.534973, -0.965925694, 0, -0.258818924, 0, 1, 0, 0.258818924, 0, -0.965925694)
Part18.Orientation = Vector3.new(0, -165, 0)
Part18.Position = Vector3.new(1662.7720947266, 220.51995849609, -716.53497314453)
Part18.Rotation = Vector3.new(-180, -15, -180)
Part18.Transparency = 1
Part18.Size = Vector3.new(1.199999332428, 0.79999983310699, 4.5999999046326)
Part18.Anchored = true
Part18.FormFactor = Enum.FormFactor.Custom
Part18.formFactor = Enum.FormFactor.Custom
Part19.Parent = Model6
Part19.CFrame = CFrame.new(1662.85779, 220.71994, -713.483276, -0.999999762, 2.16066837e-07, 1.59442425e-06, -2.07051045e-07, 0.965925813, -0.258819044, -1.61677599e-06, -0.258818984, -0.965925515)
Part19.Orientation = Vector3.new(15, 180, 0)
Part19.Position = Vector3.new(1662.8577880859, 220.71994018555, -713.48327636719)
Part19.Rotation = Vector3.new(165, 0, -180)
Part19.Transparency = 1
Part19.Size = Vector3.new(1.199999332428, 0.79999983310699, 4.5999999046326)
Part19.Anchored = true
Part19.FormFactor = Enum.FormFactor.Custom
Part19.formFactor = Enum.FormFactor.Custom
Part20.Parent = Model6
Part20.CFrame = CFrame.new(1662.63977, 221.523788, -714.105469, -0.866024911, -0.433013737, -0.249998689, -0.48296392, 0.853852868, 0.194115832, 0.129407197, 0.288849473, -0.948587894)
Part20.Orientation = Vector3.new(-11.189999580383, -165.24000549316, -29.489999771118)
Part20.Position = Vector3.new(1662.6397705078, 221.52378845215, -714.10546875)
Part20.Rotation = Vector3.new(-168.42999267578, -14.479999542236, 153.42999267578)
Part20.Transparency = 1
Part20.Size = Vector3.new(0.39999935030937, 1.3999998569489, 0.59999984502792)
Part20.Anchored = true
Part20.FormFactor = Enum.FormFactor.Custom
Part20.formFactor = Enum.FormFactor.Custom
Part21.Parent = Model6
Part21.CFrame = CFrame.new(1662.02917, 222.393738, -713.927856, -0.724443614, -0.642403245, -0.249998003, -0.687500715, 0.69975853, 0.194114819, 0.0502381623, 0.312498987, -0.948588252)
Part21.Orientation = Vector3.new(-11.189999580383, -165.24000549316, -44.490001678467)
Part21.Position = Vector3.new(1662.0291748047, 222.39373779297, -713.92785644531)
Part21.Rotation = Vector3.new(-168.42999267578, -14.479999542236, 138.42999267578)
Part21.Transparency = 1
Part21.Size = Vector3.new(0.39999935030937, 1.5999999046326, 0.59999984502792)
Part21.Anchored = true
Part21.FormFactor = Enum.FormFactor.Custom
Part21.formFactor = Enum.FormFactor.Custom
Part22.Parent = Model6
Part22.CFrame = CFrame.new(1660.86304, 222.993744, -713.908142, -0.0493655503, -0.998773456, -0.00374170393, -0.991630673, 0.0485643297, 0.119623452, -0.119294986, 0.00961541384, -0.992811739)
Part22.Orientation = Vector3.new(-6.8699998855591, -179.7799987793, -87.199996948242)
Part22.Position = Vector3.new(1660.8630371094, 222.99374389648, -713.90814208984)
Part22.Rotation = Vector3.new(-173.13000488281, -0.20999999344349, 92.830001831055)
Part22.Transparency = 1
Part22.Size = Vector3.new(0.39999935030937, 1.5999999046326, 0.59999984502792)
Part22.Anchored = true
Part22.FormFactor = Enum.FormFactor.Custom
Part22.formFactor = Enum.FormFactor.Custom
Part23.Parent = Model6
Part23.CFrame = CFrame.new(1659.79712, 222.993744, -714.061768, -0.0493655615, -0.965709507, 0.254887402, -0.991630673, 0.0778703913, 0.102978066, -0.119295068, -0.247670799, -0.96147114)
Part23.Orientation = Vector3.new(-5.9099998474121, 165.14999389648, -85.51000213623)
Part23.Position = Vector3.new(1659.7971191406, 222.99374389648, -714.06176757813)
Part23.Rotation = Vector3.new(-173.88999938965, 14.770000457764, 92.930000305176)
Part23.Transparency = 1
Part23.Size = Vector3.new(0.39999935030937, 1.5999999046326, 0.59999984502792)
Part23.Anchored = true
Part23.FormFactor = Enum.FormFactor.Custom
Part23.formFactor = Enum.FormFactor.Custom
Part24.Parent = Model6
Part24.CFrame = CFrame.new(1662.92395, 221.319962, -710.297668, -0.999999821, -6.73651869e-07, 2.74926424e-06, -6.89531703e-07, 0.999999881, -1.49011612e-08, -2.81631947e-06, -1.03927285e-08, -0.999999702)
Part24.Orientation = Vector3.new(0, 180, 0)
Part24.Position = Vector3.new(1662.9239501953, 221.31996154785, -710.29766845703)
Part24.Rotation = Vector3.new(180, 0, 180)
Part24.Transparency = 1
Part24.Size = Vector3.new(1.199999332428, 0.79999983310699, 2)
Part24.Anchored = true
Part24.FormFactor = Enum.FormFactor.Custom
Part24.formFactor = Enum.FormFactor.Custom
Part25.Parent = Model6
Part25.CFrame = CFrame.new(1662.47949, 220.157639, -720.199097, -0.965925694, -0.0669872686, -0.249999925, -5.30601252e-09, 0.965925813, -0.258819044, 0.258818924, -0.24999997, -0.933012545)
Part25.Orientation = Vector3.new(15, -165, 0)
Part25.Position = Vector3.new(1662.4794921875, 220.1576385498, -720.19909667969)
Part25.Rotation = Vector3.new(164.5, -14.479999542236, 176.0299987793)
Part25.Transparency = 1
Part25.Size = Vector3.new(0.99999934434891, 0.79999983310699, 3.8000004291534)
Part25.Anchored = true
Part25.FormFactor = Enum.FormFactor.Custom
Part25.formFactor = Enum.FormFactor.Custom
Part26.Parent = Model6
Part26.CFrame = CFrame.new(1662.49854, 219.957626, -723.986938, -0.965925574, -2.28688123e-07, 0.258819073, -2.43836695e-07, 0.99999994, 1.13125607e-08, -0.258819044, -7.66166437e-08, -0.965925515)
Part26.Orientation = Vector3.new(0, 165, 0)
Part26.Position = Vector3.new(1662.4985351563, 219.95762634277, -723.98693847656)
Part26.Rotation = Vector3.new(-180, 15, 180)
Part26.Transparency = 1
Part26.Size = Vector3.new(0.99999934434891, 0.79999983310699, 4.4000000953674)
Part26.Anchored = true
Part26.FormFactor = Enum.FormFactor.Custom
Part26.formFactor = Enum.FormFactor.Custom
Part27.Parent = Model6
Part27.CFrame = CFrame.new(1662.89209, 219.757629, -726.348633, -0.948587477, 0.129408747, -0.288850695, 0.250000238, 0.866025507, -0.433012098, 0.194116533, -0.482962638, -0.853853047)
Part27.Orientation = Vector3.new(25.659999847412, -161.30999755859, 16.10000038147)
Part27.Position = Vector3.new(1662.8920898438, 219.75762939453, -726.3486328125)
Part27.Rotation = Vector3.new(153.11000061035, -16.790000915527, -172.22999572754)
Part27.Transparency = 1
Part27.Size = Vector3.new(0.99999934434891, 0.79999983310699, 1)
Part27.Anchored = true
Part27.FormFactor = Enum.FormFactor.Custom
Part27.formFactor = Enum.FormFactor.Custom
Part28.Parent = Model6
Part28.CFrame = CFrame.new(1662.2511, 220.445526, -721.825256, -0.950350225, 0.185294881, -0.249999896, 0.249999925, 0.933012307, -0.258820415, 0.185294896, -0.308469981, -0.933012187)
Part28.Orientation = Vector3.new(15, -165, 15)
Part28.Position = Vector3.new(1662.2510986328, 220.44552612305, -721.82525634766)
Part28.Rotation = Vector3.new(164.5, -14.479999542236, -168.9700012207)
Part28.Transparency = 1
Part28.Size = Vector3.new(0.59999936819077, 2.2000000476837, 0.79999983310699)
Part28.Anchored = true
Part28.FormFactor = Enum.FormFactor.Custom
Part28.formFactor = Enum.FormFactor.Custom
Part29.Parent = Model6
Part29.CFrame = CFrame.new(1662.89734, 221.445526, -722.144897, -0.730380416, 0.635643125, -0.250003695, 0.683011949, 0.683010221, -0.258827329, 0.00623336434, -0.359798014, -0.933009267)
Part29.Orientation = Vector3.new(15, -165, 45)
Part29.Position = Vector3.new(1662.8973388672, 221.44552612305, -722.14489746094)
Part29.Rotation = Vector3.new(164.5, -14.479999542236, -138.9700012207)
Part29.Transparency = 1
Part29.Size = Vector3.new(0.59999936819077, 2.2000000476837, 0.79999983310699)
Part29.Anchored = true
Part29.FormFactor = Enum.FormFactor.Custom
Part29.formFactor = Enum.FormFactor.Custom
Part30.Parent = Model6
Part30.CFrame = CFrame.new(1662.3717, 221.79071, -718.87677, -0.683011174, 0.61982578, -0.386408746, 0.707105756, 0.693675578, -0.13716805, 0.183022469, -0.366919458, -0.912071049)
Part30.Orientation = Vector3.new(7.8800001144409, -157.03999328613, 45.549999237061)
Part30.Position = Vector3.new(1662.3717041016, 221.79071044922, -718.87677001953)
Part30.Rotation = Vector3.new(171.44999694824, -22.729999542236, -137.7799987793)
Part30.Transparency = 1
Part30.Size = Vector3.new(0.20000000298023, 1.0000001192093, 0.20000000298023)
Part30.Anchored = true
Part30.FormFactor = Enum.FormFactor.Custom
Part30.formFactor = Enum.FormFactor.Custom
Part31.Parent = Model6
Part31.CFrame = CFrame.new(1661.91809, 223.870682, -717.291138, -0.565660059, -0.520822525, 0.63935256, 0.353547007, 0.547275364, 0.758612752, -0.74500519, 0.655157983, -0.125436485)
Part31.Orientation = Vector3.new(-49.340000152588, 101.09999847412, 32.860000610352)
Part31.Position = Vector3.new(1661.9180908203, 223.8706817627, -717.29113769531)
Part31.Rotation = Vector3.new(-99.389999389648, 39.740001678467, 137.36000061035)
Part31.Transparency = 1
Part31.Size = Vector3.new(0.20000000298023, 1.0000001192093, 0.20000000298023)
Part31.Anchored = true
Part31.FormFactor = Enum.FormFactor.Custom
Part31.formFactor = Enum.FormFactor.Custom
Part32.Parent = Model6
Part32.CFrame = CFrame.new(1662.61963, 222.030685, -719.126282, -0.683013618, 0.578157783, -0.446346909, 0.707101524, 0.676525533, -0.205718324, 0.183027983, -0.456121683, -0.870892882)
Part32.Orientation = Vector3.new(11.869999885559, -152.86000061035, 46.270000457764)
Part32.Position = Vector3.new(1662.6196289063, 222.0306854248, -719.12628173828)
Part32.Rotation = Vector3.new(166.71000671387, -26.510000228882, -139.75)
Part32.Transparency = 1
Part32.Size = Vector3.new(0.20000000298023, 1.0000001192093, 0.20000000298023)
Part32.Anchored = true
Part32.FormFactor = Enum.FormFactor.Custom
Part32.formFactor = Enum.FormFactor.Custom
Part33.Parent = Model6
Part33.CFrame = CFrame.new(1662.95166, 222.440704, -719.581116, -0.587486923, 0.471696943, -0.657541335, 0.789579868, 0.512112975, -0.338087171, 0.177261189, -0.717804492, -0.673302352)
Part33.Orientation = Vector3.new(19.760000228882, -135.67999267578, 57.029998779297)
Part33.Position = Vector3.new(1662.9516601563, 222.4407043457, -719.58111572266)
Part33.Rotation = Vector3.new(153.33999633789, -41.110000610352, -141.24000549316)
Part33.Transparency = 1
Part33.Size = Vector3.new(0.20000000298023, 1.0000001192093, 0.20000000298023)
Part33.Anchored = true
Part33.FormFactor = Enum.FormFactor.Custom
Part33.formFactor = Enum.FormFactor.Custom
Part34.Parent = Model6
Part34.CFrame = CFrame.new(1663.19177, 222.440704, -719.99707, -0.587486923, 0.471696943, -0.657541335, 0.789579868, 0.512112975, -0.338087171, 0.177261189, -0.717804492, -0.673302352)
Part34.Orientation = Vector3.new(19.760000228882, -135.67999267578, 57.029998779297)
Part34.Position = Vector3.new(1663.1917724609, 222.4407043457, -719.9970703125)
Part34.Rotation = Vector3.new(153.33999633789, -41.110000610352, -141.24000549316)
Part34.Transparency = 1
Part34.Size = Vector3.new(0.20000000298023, 1.0000001192093, 0.20000000298023)
Part34.Anchored = true
Part34.FormFactor = Enum.FormFactor.Custom
Part34.formFactor = Enum.FormFactor.Custom
Part35.Parent = Model6
Part35.CFrame = CFrame.new(1663.19177, 222.440704, -719.99707, -0.587486923, 0.471696943, -0.657541335, 0.789579868, 0.512112975, -0.338087171, 0.177261189, -0.717804492, -0.673302352)
Part35.Orientation = Vector3.new(19.760000228882, -135.67999267578, 57.029998779297)
Part35.Position = Vector3.new(1663.1917724609, 222.4407043457, -719.9970703125)
